26
48
68
68
42
48
60
68
50
96
86
64
16
2
94
26
82
36
58
92
26
62
64
6
68
62
12
98
62
44
86
34
24
28
32
64
72
34
4
82
8
54
100
54
92
42
90
82
74
96
18
68
84
26
48
6
80
82
8
36
36
82
76
38
50
58
42
66
32
98
68
76
6
60
2
28
78
58
24
74
20
86
78
34
92
18
22
6
54
28
18
86
78
48
70
44
22
76
74
100
90
80
50
44
50
70
92
56
28
20
66
84
76
90
98
96
48
88
70
44
28
56
88
100
42
22
100
64
46
80
64
90
66
2
52
22
32
72
64
60
78
42
38
70
24
82
68
92
52
90
38
4
80
40
94
32
38
18
68
90
58
22
18
90
44
4
42
60
26
34
70
98
76
62
54
96
88
64
100
26
20
56
40
54
10
62
40
52
54
56
28
70
34
96
64
60
38
96
52
92
24
68
100
70
56
6
70
36
70
90
38
48
30
16
22
12
76
70
26
44
26
62
78
66
76
18
68
58
8
52
72
42
72
38
64
40
56
74
42
88
62
18
94
94
50
8
78
32
14
2
60
80
74
28
54
80
2
26
10
78
88
46
54
26
98
80
18
52
66
72
80
100
84
100
76
24
74
100
96
44
42
58
46
100
62
36
2
80
34
16
58
86
80
34
66
62
52
44
66
50
66
2
46
98
24
100
18
100
30
56
98
70
88
42
52
74
46
96
34
