663
26
48
67
68
68
11
42
48
61
60
68
50
39
53
96
86
41
64
73
45
51
16
11
2
39
94
26
82
75
87
36
67
58
92
79
47
26
11
1
25
55
62
51
61
65
97
64
39
11
6
69
29
68
47
62
12
98
59
55
62
45
44
86
37
73
34
24
28
32
64
3
72
67
34
4
82
8
35
54
100
99
54
39
35
92
42
7
51
9
17
90
5
82
85
74
96
18
68
84
71
26
48
77
41
6
99
80
82
8
36
73
51
29
13
36
57
79
39
65
82
89
49
49
76
38
77
95
50
58
42
33
66
32
77
65
33
69
69
98
68
76
21
6
60
3
2
79
28
17
55
78
58
24
74
87
99
79
7
5
13
20
77
5
86
15
78
17
39
34
9
92
18
69
22
6
31
54
5
83
28
18
89
86
89
78
67
83
81
48
47
70
65
71
44
22
57
63
76
74
37
100
90
80
50
44
50
79
57
53
70
92
51
56
65
43
28
20
66
67
84
76
87
90
98
33
96
59
95
71
48
88
1
70
44
91
28
56
88
81
45
17
100
42
99
21
37
55
22
87
81
100
64
45
9
57
46
80
9
67
64
85
13
35
90
5
66
2
5
39
53
52
22
32
37
3
77
72
45
37
64
60
78
47
42
38
70
24
57
82
68
99
67
92
19
52
90
67
35
69
37
17
41
27
38
77
4
49
29
43
80
40
94
32
38
27
65
75
1
18
68
90
65
58
43
22
18
77
17
27
95
90
59
99
44
25
39
57
4
42
60
26
34
71
70
73
98
76
62
54
43
96
88
64
35
23
100
55
26
20
56
1
67
40
65
54
10
62
35
40
27
52
99
83
54
56
25
28
70
34
57
35
96
64
69
31
95
60
38
96
67
52
27
92
85
99
24
49
68
45
100
70
56
93
93
73
6
70
36
70
90
69
19
38
48
59
75
71
30
99
16
22
12
53
76
70
77
67
63
26
44
26
62
69
78
77
43
66
43
76
18
53
83
68
58
8
52
72
9
7
42
72
38
64
40
56
74
55
49
42
88
62
18
71
94
94
49
11
29
63
11
61
50
73
95
5
11
91
8
53
45
83
51
78
32
14
79
2
60
80
41
74
28
54
80
2
57
26
93
10
78
89
49
88
7
9
57
46
54
99
26
1
98
80
18
52
1
66
72
57
80
100
84
85
99
19
100
45
76
33
29
93
55
24
74
65
100
96
97
13
44
89
17
42
83
58
43
46
100
62
27
7
13
59
36
69
2
80
71
95
67
29
34
43
11
16
23
93
35
95
58
86
75
80
34
69
87
66
57
15
9
51
59
77
47
5
62
89
35
61
79
71
52
44
3
11
66
57
50
33
13
47
66
2
46
98
24
75
51
71
3
49
100
18
35
15
23
5
100
27
30
56
98
13
7
70
88
81
23
19
1
42
85
31
51
65
79
52
74
46
19
31
96
34
93
